Movie#	Popularity
	267		5.75
	818		5.0
	915		4.5
	626		4.5
	313		2.61
	1164		2.5
	100		2.29
	50		2.04
	258		1.89
	98		1.87
	286		1.72
	272		1.67
	181		1.64
	56		1.63
	7		1.57
	174		1.53
	127		1.51
	1400		1.5
	288		1.5
	183		1.46
	172		1.46
	316		1.42
	300		1.42
	204		1.39
	237		1.38
	216		1.33
	117		1.33
	294		1.33
	22		1.32
	121		1.31
	318		1.31
	222		1.29
	269		1.28
	79		1.28
	64		1.28
	1294		1.25
	1		1.23
	423		1.21
	195		1.2
	191		1.2
	902		1.19
	742		1.18
	12		1.17
	151		1.17
	475		1.16
	276		1.15
	357		1.15
	173		1.13
	69		1.13
	302		1.12
	234		1.12
	210		1.1
	347		1.1
	135		1.09
	89		1.08
	265		1.08
	96		1.07
	176		1.07
	196		1.07
	9		1.07
	483		1.05
	28		1.03
	24		1.03
	25		1.02
	153		1.02
	168		1.02
	182		1.01
	194		1.01
	15		1.01
	175		1.01
	435		1.0
	916		1.0
	315		1.0
	751		1.0
	405		1.0
	275		0.99
	354		0.98
	268		0.98
	144		0.97
	132		0.97
	202		0.97
	97		0.97
	14		0.95
	82		0.95
	197		0.95
	655		0.95
	328		0.94
	511		0.94
	238		0.94
	228		0.93
	568		0.93
	748		0.92
	8		0.92
	70		0.91
	154		0.9
	257		0.89
	208		0.89
	474		0.89
	185		0.89
	508		0.88
	471		0.86
	588		0.86
	124		0.85
	186		0.85
	750		0.85
	180		0.85
	161		0.85
	71		0.83
	215		0.83
	496		0.83
	13		0.83
	333		0.83
	603		0.82
	134		0.82
	480		0.82
	289		0.82
	200		0.81
	11		0.81
	209		0.81
	340		0.8
	298		0.8
	443		0.8
	218		0.8
	479		0.8
	118		0.79
	527		0.78
	427		0.78
	125		0.77
	143		0.76
	514		0.76
	322		0.76
	179		0.75
	498		0.75
	433		0.75
	199		0.74
	705		0.74
	88		0.73
	515		0.73
	55		0.73
	83		0.72
	230		0.72
	346		0.72
	211		0.72
	845		0.71
	307		0.71
	4		0.71
	273		0.71
	250		0.7
	187		0.7
	271		0.7
	58		0.7
	282		0.7
	301		0.7
	156		0.69
	147		0.69
	484		0.69
	188		0.69
	403		0.68
	245		0.68
	203		0.68
	1357		0.67
	86		0.67
	1070		0.67
	684		0.67
	385		0.66
	148		0.66
	402		0.66
	685		0.66
	111		0.66
	546		0.65
	692		0.65
	523		0.65
	418		0.65
	99		0.65
	654		0.65
	651		0.65
	164		0.65
	95		0.65
	150		0.65
	1213		0.64
	432		0.64
	451		0.64
	241		0.64
	48		0.63
	482		0.63
	566		0.63
	628		0.62
	137		0.62
	84		0.62
	133		0.62
	1028		0.61
	895		0.61
	193		0.61
	410		0.61
	285		0.61
	597		0.61
	274		0.61
	327		0.6
	213		0.6
	229		0.6
	223		0.59
	485		0.59
	312		0.58
	419		0.58
	226		0.58
	530		0.58
	321		0.57
	227		0.57
	255		0.57
	77		0.57
	393		0.57
	983		0.57
	732		0.56
	660		0.56
	476		0.56
	235		0.56
	246		0.56
	42		0.56
	526		0.56
	113		0.56
	283		0.55
	739		0.55
	323		0.55
	162		0.55
	332		0.55
	23		0.54
	431		0.54
	657		0.54
	129		0.54
	114		0.53
	355		0.53
	87		0.53
	1495		0.53
	190		0.53
	239		0.53
	310		0.52
	591		0.52
	411		0.52
	47		0.52
	248		0.51
	509		0.51
	504		0.51
	157		0.51
	1016		0.51
	596		0.51
	659		0.5
	582		0.5
	109		0.5
	178		0.5
	73		0.5
	31		0.5
	104		0.5
	281		0.5
	472		0.49
	68		0.49
	550		0.49
	746		0.49
	177		0.48
	94		0.48
	900		0.48
	1039		0.48
	252		0.48
	284		0.48
	510		0.48
	531		0.48
	304		0.48
	778		0.48
	362		0.48
	136		0.48
	938		0.48
	520		0.47
	689		0.47
	559		0.47
	242		0.47
	792		0.47
	709		0.47
	52		0.47
	690		0.47
	303		0.47
	501		0.47
	762		0.47
	478		0.47
	342		0.46
	249		0.46
	205		0.46
	735		0.46
	678		0.46
	198		0.46
	604		0.46
	1106		0.46
	699		0.46
	631		0.46
	270		0.46
	462		0.46
	214		0.46
	93		0.46
	436		0.46
	32		0.45
	421		0.45
	2		0.45
	879		0.45
	306		0.45
	521		0.45
	325		0.45
	447		0.45
	291		0.45
	752		0.44
	367		0.44
	54		0.44
	192		0.44
	388		0.44
	652		0.44
	528		0.44
	66		0.44
	682		0.44
	1056		0.44
	326		0.43
	292		0.43
	91		0.43
	866		0.43
	414		0.43
	169		0.43
	317		0.43
	455		0.43
	45		0.43
	311		0.43
	305		0.43
	387		0.43
	736		0.42
	428		0.42
	663		0.42
	92		0.42
	33		0.42
	131		0.42
	661		0.42
	518		0.41
	493		0.41
	116		0.41
	693		0.41
	747		0.41
	507		0.41
	184		0.41
	44		0.41
	345		0.41
	408		0.41
	343		0.41
	1012		0.4
	492		0.4
	1047		0.4
	448		0.4
	1272		0.4
	240		0.4
	217		0.39
	378		0.39
	562		0.39
	425		0.39
	516		0.39
	65		0.39
	404		0.39
	126		0.39
	263		0.39
	554		0.38
	382		0.38
	470		0.38
	642		0.38
	319		0.38
	350		0.38
	1285		0.38
	517		0.38
	429		0.38
	525		0.38
	62		0.38
	189		0.38
	231		0.37
	170		0.37
	233		0.37
	26		0.37
	673		0.37
	160		0.37
	51		0.37
	1014		0.37
	67		0.37
	716		0.37
	708		0.37
	650		0.37
	221		0.37
	159		0.36
	923		0.36
	232		0.36
	344		0.36
	477		0.36
	72		0.36
	163		0.36
	665		0.36
	815		0.36
	39		0.36
	529		0.35
	614		0.35
	331		0.35
	155		0.35
	219		0.35
	59		0.35
	949		0.35
	324		0.35
	823		0.35
	744		0.35
	81		0.35
	38		0.35
	519		0.35
	449		0.35
	636		0.35
	633		0.34
	53		0.34
	123		0.34
	293		0.34
	486		0.34
	469		0.34
	502		0.34
	381		0.34
	380		0.34
	420		0.33
	618		0.33
	473		0.33
	703		0.33
	921		0.33
	488		0.33
	259		0.33
	1441		0.33
	662		0.33
	1378		0.33
	1101		0.33
	220		0.33
	855		0.33
	647		0.33
	558		0.33
	1322		0.33
	505		0.33
	152		0.32
	1425		0.32
	1030		0.32
	1367		0.32
	763		0.32
	1097		0.32
	896		0.32
	290		0.32
	3		0.32
	578		0.32
	287		0.32
	10		0.32
	277		0.32
	295		0.32
	589		0.31
	756		0.31
	713		0.31
	201		0.31
	939		0.31
	260		0.31
	338		0.3
	278		0.3
	892		0.3
	17		0.3
	919		0.3
	1099		0.3
	481		0.29
	20		0.29
	452		0.29
	729		0.29
	513		0.29
	905		0.29
	576		0.29
	573		0.29
	5		0.29
	458		0.29
	1017		0.29
	487		0.29
	101		0.29
	299		0.29
	754		0.29
	465		0.29
	904		0.29
	1190		0.29
	165		0.29
	467		0.28
	648		0.28
	1140		0.28
	461		0.28
	813		0.28
	430		0.28
	506		0.28
	616		0.28
	1007		0.28
	212		0.28
	494		0.28
	832		0.28
	409		0.28
	29		0.28
	466		0.28
	775		0.28
	386		0.28
	686		0.27
	609		0.27
	19		0.27
	280		0.27
	128		0.27
	463		0.27
	864		0.27
	1073		0.27
	499		0.27
	806		0.27
	225		0.27
	625		0.27
	49		0.27
	886		0.26
	724		0.26
	348		0.26
	243		0.26
	57		0.26
	366		0.26
	610		0.26
	90		0.26
	497		0.26
	549		0.26
	495		0.26
	490		0.26
	640		0.26
	1083		0.26
	251		0.26
	207		0.26
	741		0.26
	417		0.26
	602		0.25
	142		0.25
	880		0.25
	1169		0.25
	581		0.25
	1424		0.25
	584		0.25
	831		0.25
	376		0.25
	707		0.25
	930		0.25
	942		0.25
	552		0.25
	1088		0.25
	790		0.25
	1397		0.25
	384		0.25
	106		0.25
	676		0.25
	781		0.25
	356		0.25
	108		0.25
	928		0.24
	675		0.24
	849		0.24
	969		0.24
	606		0.24
	672		0.24
	715		0.24
	679		0.24
	524		0.24
	740		0.24
	924		0.24
	569		0.24
	1119		0.24
	1197		0.24
	856		0.24
	721		0.24
	40		0.24
	450		0.23
	401		0.23
	755		0.23
	545		0.23
	102		0.23
	717		0.23
	399		0.23
	632		0.23
	697		0.23
	353		0.23
	406		0.23
	780		0.23
	926		0.23
	847		0.23
	76		0.23
	727		0.23
	1518		0.23
	1127		0.23
	538		0.23
	819		0.23
	1061		0.23
	846		0.23
	887		0.23
	352		0.23
	489		0.23
	898		0.23
	1471		0.23
	544		0.22
	166		0.22
	122		0.22
	334		0.22
	120		0.22
	503		0.22
	959		0.22
	722		0.22
	339		0.22
	961		0.22
	770		0.22
	966		0.22
	948		0.22
	710		0.22
	460		0.22
	627		0.22
	1011		0.22
	264		0.22
	379		0.22
	629		0.22
	696		0.22
	658		0.22
	1098		0.22
	871		0.22
	63		0.22
	1074		0.21
	1393		0.21
	825		0.21
	1021		0.21
	363		0.21
	61		0.21
	491		0.21
	575		0.21
	224		0.21
	615		0.21
	1147		0.21
	702		0.21
	842		0.21
	664		0.21
	955		0.21
	1048		0.21
	297		0.21
	373		0.21
	1142		0.21
	683		0.21
	1035		0.21
	977		0.21
	872		0.21
	608		0.2
	412		0.2
	140		0.2
	1137		0.2
	570		0.2
	115		0.2
	1095		0.2
	80		0.2
	522		0.2
	396		0.2
	1010		0.2
	1421		0.2
	800		0.2
	1241		0.2
	1313		0.2
	464		0.2
	262		0.2
	634		0.2
	840		0.2
	1188		0.2
	1103		0.2
	592		0.2
	206		0.2
	984		0.2
	619		0.2
	139		0.19
	605		0.19
	1008		0.19
	720		0.19
	893		0.19
	1067		0.19
	512		0.19
	1242		0.19
	21		0.19
	105		0.19
	1041		0.19
	607		0.19
	943		0.19
	1104		0.19
	785		0.19
	656		0.19
	671		0.18
	553		0.18
	882		0.18
	828		0.18
	645		0.18
	1044		0.18
	1209		0.18
	946		0.18
	901		0.18
	43		0.18
	85		0.18
	1210		0.18
	691		0.18
	805		0.18
	841		0.18
	1046		0.18
	723		0.18
	772		0.18
	612		0.18
	416		0.18
	1020		0.18
	694		0.18
	595		0.18
	371		0.18
	1108		0.18
	1023		0.18
	141		0.18
	972		0.18
	1113		0.17
	1202		0.17
	1019		0.17
	836		0.17
	539		0.17
	704		0.17
	638		0.17
	1059		0.17
	764		0.17
	1009		0.17
	873		0.17
	1232		0.17
	391		0.17
	953		0.17
	583		0.17
	547		0.17
	1286		0.17
	1226		0.17
	256		0.17
	687		0.17
	824		0.17
	952		0.17
	1053		0.17
	989		0.17
	413		0.17
	336		0.17
	392		0.17
	644		0.17
	358		0.17
	1187		0.17
	456		0.17
	1194		0.17
	1133		0.17
	1050		0.16
	820		0.16
	906		0.16
	794		0.16
	351		0.16
	537		0.16
	1160		0.16
	833		0.16
	941		0.16
	649		0.16
	365		0.16
	965		0.16
	167		0.16
	158		0.16
	1065		0.16
	1135		0.16
	370		0.16
	975		0.16
	561		0.16
	827		0.16
	171		0.16
	500		0.16
	309		0.16
	956		0.16
	1037		0.16
	922		0.16
	868		0.16
	441		0.15
	1022		0.15
	1228		0.15
	41		0.15
	932		0.15
	843		0.15
	783		0.15
	542		0.15
	761		0.15
	551		0.15
	30		0.15
	349		0.15
	1182		0.15
	653		0.15
	1168		0.15
	768		0.15
	1136		0.15
	1105		0.15
	971		0.15
	279		0.15
	1094		0.15
	737		0.15
	557		0.15
	854		0.15
	1299		0.15
	107		0.15
	1057		0.15
	454		0.15
	6		0.14
	1220		0.14
	875		0.14
	369		0.14
	1218		0.14
	1278		0.14
	979		0.14
	1176		0.14
	995		0.14
	931		0.14
	674		0.14
	1143		0.14
	540		0.14
	543		0.14
	963		0.14
	1126		0.14
	1045		0.14
	1118		0.14
	951		0.14
	993		0.14
	579		0.14
	586		0.14
	611		0.14
	407		0.14
	1346		0.14
	1411		0.14
	1401		0.14
	145		0.14
	1289		0.14
	903		0.14
	630		0.14
	624		0.14
	646		0.13
	266		0.13
	962		0.13
	468		0.13
	738		0.13
	816		0.13
	980		0.13
	535		0.13
	244		0.13
	236		0.13
	620		0.13
	1258		0.13
	1316		0.13
	1109		0.13
	889		0.13
	929		0.13
	810		0.13
	937		0.13
	46		0.13
	944		0.13
	885		0.13
	712		0.13
	1131		0.13
	261		0.13
	960		0.13
	541		0.13
	372		0.13
	990		0.13
	1139		0.13
	74		0.13
	795		0.13
	1231		0.13
	811		0.13
	982		0.13
	1283		0.13
	1032		0.13
	680		0.13
	774		0.13
	933		0.13
	874		0.12
	1134		0.12
	869		0.12
	1110		0.12
	834		0.12
	1079		0.12
	670		0.12
	637		0.12
	1081		0.12
	809		0.12
	1092		0.12
	27		0.12
	1042		0.12
	1456		0.12
	745		0.12
	377		0.12
	308		0.12
	1291		0.12
	1132		0.12
	925		0.12
	254		0.12
	950		0.12
	395		0.12
	1013		0.12
	329		0.12
	1025		0.12
	621		0.12
	1084		0.12
	341		0.12
	1040		0.12
	1141		0.12
	613		0.12
	1217		0.12
	564		0.12
	1206		0.12
	1157		0.12
	779		0.12
	434		0.12
	445		0.12
	1265		0.12
	1060		0.12
	1368		0.12
	1175		0.12
	731		0.12
	934		0.12
	734		0.12
	733		0.12
	773		0.11
	771		0.11
	1063		0.11
	580		0.11
	853		0.11
	743		0.11
	1203		0.11
	426		0.11
	641		0.11
	940		0.11
	947		0.11
	945		0.11
	1129		0.11
	532		0.11
	1115		0.11
	368		0.11
	16		0.11
	622		0.11
	1149		0.11
	728		0.11
	138		0.11
	623		0.11
	802		0.11
	1117		0.11
	577		0.11
	1267		0.11
	1033		0.11
	1091		0.11
	1229		0.11
	320		0.11
	1093		0.11
	829		0.11
	1451		0.11
	1069		0.11
	976		0.11
	1277		0.11
	1222		0.11
	1116		0.11
	1107		0.1
	1100		0.1
	894		0.1
	812		0.1
	760		0.1
	130		0.1
	1245		0.1
	1459		0.1
	253		0.1
	998		0.1
	796		0.1
	400		0.1
	1298		0.1
	881		0.1
	844		0.1
	587		0.1
	988		0.1
	389		0.1
	766		0.1
	753		0.1
	1178		0.1
	1018		0.1
	848		0.1
	1153		0.1
	978		0.1
	986		0.1
	954		0.1
	876		0.1
	719		0.1
	789		0.1
	1154		0.1
	791		0.1
	1503		0.1
	1161		0.1
	459		0.1
	1446		0.09
	1314		0.09
	1052		0.09
	1192		0.09
	1150		0.09
	968		0.09
	639		0.09
	908		0.09
	593		0.09
	1199		0.09
	617		0.09
	974		0.09
	765		0.09
	695		0.09
	1284		0.09
	877		0.09
	574		0.09
	759		0.09
	1024		0.09
	878		0.09
	1179		0.09
	375		0.09
	936		0.09
	444		0.09
	797		0.09
	383		0.09
	1089		0.09
	149		0.09
	1086		0.09
	1172		0.09
	361		0.09
	78		0.09
	701		0.09
	1248		0.09
	726		0.09
	1051		0.09
	1211		0.09
	1263		0.09
	1058		0.08
	1336		0.08
	1404		0.08
	567		0.08
	782		0.08
	18		0.08
	725		0.08
	1296		0.08
	1469		0.08
	1259		0.08
	1225		0.08
	1015		0.08
	1090		0.08
	548		0.08
	1006		0.08
	749		0.08
	1244		0.08
	1071		0.08
	359		0.08
	850		0.08
	1281		0.08
	1221		0.08
	60		0.08
	453		0.08
	999		0.08
	534		0.08
	1004		0.08
	1124		0.08
	808		0.08
	1478		0.08
	112		0.08
	364		0.08
	826		0.08
	862		0.08
	803		0.08
	1219		0.08
	1295		0.08
	681		0.08
	1208		0.08
	1230		0.07
	1479		0.07
	1487		0.07
	964		0.07
	1353		0.07
	360		0.07
	572		0.07
	556		0.07
	863		0.07
	110		0.07
	1054		0.07
	1212		0.07
	1207		0.07
	890		0.07
	1043		0.07
	821		0.07
	835		0.07
	1049		0.07
	1315		0.07
	422		0.07
	571		0.07
	730		0.07
	786		0.07
	1170		0.07
	1078		0.07
	888		0.07
	787		0.07
	1183		0.07
	1102		0.07
	1123		0.07
	1128		0.07
	1444		0.07
	1273		0.07
	1266		0.07
	635		0.07
	1001		0.07
	1524		0.06
	865		0.06
	1180		0.06
	801		0.06
	394		0.06
	1239		0.06
	601		0.06
	437		0.06
	688		0.06
	700		0.06
	1376		0.06
	34		0.06
	967		0.06
	1034		0.06
	560		0.06
	1312		0.06
	563		0.06
	1198		0.06
	714		0.06
	1082		0.06
	1036		0.06
	991		0.06
	1227		0.06
	314		0.06
	859		0.06
	1167		0.06
	1165		0.06
	36		0.06
	1438		0.06
	1517		0.06
	1303		0.05
	860		0.05
	1223		0.05
	1215		0.05
	103		0.05
	958		0.05
	565		0.05
	337		0.05
	415		0.05
	37		0.05
	767		0.05
	330		0.05
	457		0.05
	1163		0.05
	1000		0.05
	1407		0.05
	1253		0.05
	1151		0.05
	1274		0.05
	698		0.05
	1462		0.05
	1120		0.05
	585		0.05
	1262		0.05
	793		0.05
	374		0.05
	1224		0.05
	1184		0.04
	390		0.04
	997		0.04
	1439		0.04
	1068		0.04
	1409		0.04
	1066		0.04
	1246		0.04
	439		0.04
	769		0.04
	1250		0.04
	398		0.04
	397		0.04
	1247		0.04
	1162		0.04
	424		0.04
	1029		0.04
	996		0.04
	669		0.04
	1002		0.03
	870		0.03
	146		0.03
	804		0.03
	1300		0.03
	1181		0.03
	1249		0.03
	1318		0.03
	335		0.03
	927		0.03
	985		0.03
	1005		0.03
	1166		0.03
	1240		0.03
	555		0.03
	758		0.03
	1419		0.02
	839		0.02
	1085		0.02
	440		0.02
	590		0.01
	1148		0.0
	1374		0.0
	1373		0.0
	1238		0.0
	1375		0.0
	1371		0.0
	1377		0.0
	1379		0.0
	1383		0.0
	1384		0.0
	1385		0.0
	1386		0.0
	1387		0.0
	1388		0.0
	1370		0.0
	1390		0.0
	1392		0.0
	1395		0.0
	1195		0.0
	1396		0.0
	1398		0.0
	1372		0.0
	1403		0.0
	1369		0.0
	1405		0.0
	1406		0.0
	1200		0.0
	1364		0.0
	1193		0.0
	1417		0.0
	1418		0.0
	1362		0.0
	1125		0.0
	599		0.0
	1361		0.0
	1360		0.0
	1252		0.0
	1354		0.0
	1189		0.0
	1351		0.0
	914		0.0
	777		0.0
	1348		0.0
	1347		0.0
	643		0.0
	1427		0.0
	891		0.0
	1394		0.0
	1430		0.0
	1350		0.0
	1436		0.0
	1072		0.0
	1216		0.0
	1344		0.0
	35		0.0
	1306		0.0
	935		0.0
	667		0.0
	1343		0.0
	1342		0.0
	247		0.0
	1257		0.0
	718		0.0
	1158		0.0
	1156		0.0
	1334		0.0
	1442		0.0
	1443		0.0
	1333		0.0
	1332		0.0
	1186		0.0
	1330		0.0
	1454		0.0
	706		0.0
	1455		0.0
	711		0.0
	1457		0.0
	1458		0.0
	1327		0.0
	1324		0.0
	1463		0.0
	1261		0.0
	1076		0.0
	1464		0.0
	1328		0.0
	1268		0.0
	1003		0.0
	594		0.0
	1152		0.0
	1062		0.0
	909		0.0
	1466		0.0
	838		0.0
	883		0.0
	75		0.0
	1320		0.0
	884		0.0
	1260		0.0
	1237		0.0
	1473		0.0
	1270		0.0
	1477		0.0
	1288		0.0
	1282		0.0
	1480		0.0
	1236		0.0
	1174		0.0
	1087		0.0
	1416		0.0
	798		0.0
	1077		0.0
	992		0.0
	1292		0.0
	1254		0.0
	1271		0.0
	1413		0.0
	1428		0.0
	1484		0.0
	837		0.0
	1489		0.0
	1492		0.0
	1493		0.0
	1497		0.0
	1498		0.0
	1500		0.0
	1501		0.0
	668		0.0
	1114		0.0
	1264		0.0
	1504		0.0
	1505		0.0
	1297		0.0
	970		0.0
	776		0.0
	1214		0.0
	1112		0.0
	867		0.0
	918		0.0
	1508		0.0
	822		0.0
	784		0.0
	788		0.0
	536		0.0
	1276		0.0
	913		0.0
	1520		0.0
	912		0.0
	807		0.0
	1521		0.0
	533		0.0
	1075		0.0
	814		0.0
	1301		0.0
	1527		0.0
	1302		0.0
	119		0.0
	910		0.0
	1529		0.0
	1485		0.0
	598		0.0
	1310		0.0
	1309		0.0
	1449		0.0
	1533		0.0
	1534		0.0
	907		0.0
	1536		0.0
	1538		0.0
	1530		0.0
	830		0.0
	1450		0.0
	817		0.0
	1279		0.0
	1543		0.0
	442		0.0
	1307		0.0
	994		0.0
	852		0.0
	857		0.0
	1177		0.0
	1275		0.0
	1317		0.0
	1338		0.0
	1432		0.0
	1434		0.0
	1435		0.0
	1519		0.0
	858		0.0
	1531		0.0
	1550		0.0
	1554		0.0
	1555		0.0
	1557		0.0
	1561		0.0
	1562		0.0
	1563		0.0
	1305		0.0
	1565		0.0
	1578		0.0
	861		0.0
	1582		0.0
	1586		0.0
	1470		0.0
	1522		0.0
	1121		0.0
	1038		0.0
	1591		0.0
	1269		0.0
